[49m                                                                                     [m
[49m                                                                                     [m
[49m                                                                                     [m
[49m                     [38;2;86;75;5;49m▄[38;2;119;107;46;48;2;119;111;27m▄[38;2;150;135;45;49m▄[49m                                                             [m
[49m                    [38;2;106;94;16;48;2;102;102;20m▄[38;2;109;96;39;48;2;98;89;36m▄[49;38;2;132;114;53m▀[49m                                           [38;2;96;84;12;48;2;111;98;21m▄[38;2;104;93;34;48;2;140;127;55m▄[38;2;148;137;69;49m▄[49m                [m
[49m                   [38;2;135;115;15;48;2;166;153;38m▄[38;2;98;79;24;48;2;88;73;15m▄[49m                                              [49;38;2;101;92;17m▀[38;2;117;106;27;48;2;101;88;28m▄[38;2;141;130;53;48;2;120;104;16m▄[49m               [m
[49m                   [38;2;173;146;36;48;2;130;115;10m▄[38;2;98;77;17;48;2;98;82;24m▄[49m                                                [38;2;94;80;14;48;2;99;85;22m▄[38;2;140;123;59;48;2;149;136;30m▄[49m              [m
[49m                    [38;2;172;130;24;48;2;118;85;8m▄[38;2;158;130;52;48;2;149;118;33m▄[38;2;157;137;39;49m▄[49m                                              [49;38;2;133;111;22m▀[38;2;114;90;31;48;2;99;81;23m▄[38;2;181;149;42;49m▄[49m             [m
[49m                     [49;38;2;121;89;8m▀[38;2;110;82;7;48;2;196;168;83m▄[38;2;180;145;62;49m▄[49m        [38;2;102;73;20;49m▄[38;2;92;72;30;49m▄[38;2;92;76;35;49m▄[38;2;93;76;29;49m▄[38;2;95;76;23;49m▄[38;2;104;80;23;49m▄[38;2;103;80;25;49m▄[38;2;105;86;34;49m▄[38;2;104;85;32;49m▄[38;2;99;80;32;49m▄[38;2;105;86;38;49m▄[38;2;108;86;29;49m▄[38;2;112;89;19;49m▄[38;2;112;90;15;49m▄[38;2;109;87;11;49m▄[38;2;137;108;29;49m▄[49m                      [38;2;121;93;18;48;2;117;90;22m▄[38;2;184;150;36;48;2;188;155;39m▄[49m             [m
[49m                      [49;38;2;189;139;36m▀[38;2;196;146;37;48;2;109;81;12m▄[38;2;110;81;5;48;2;188;158;75m▄[38;2;154;123;39;49m▄[38;2;184;156;57;49m▄[49m  [38;2;106;74;21;49m▄[38;2;76;58;23;48;2;91;64;9m▄[38;2;30;21;4;48;2;86;65;25m▄[38;2;34;29;20;48;2;40;28;7m▄[38;2;39;35;27;48;2;43;37;25m▄[38;2;40;36;28;48;2;43;38;28m▄[38;2;39;36;27;48;2;42;38;25m▄[38;2;38;37;26;48;2;42;39;26m▄[38;2;38;37;27;48;2;44;39;25m▄[38;2;40;38;28;48;2;47;41;25m▄[38;2;40;38;29;48;2;47;43;23m▄[38;2;40;38;29;48;2;49;41;21m▄[38;2;39;39;29;48;2;51;43;21m▄[38;2;40;38;29;48;2;58;47;26m▄[38;2;40;38;30;48;2;64;53;28m▄[38;2;39;38;29;48;2;70;60;31m▄[38;2;40;39;30;48;2;75;64;35m▄[38;2;39;38;29;48;2;78;67;37m▄[38;2;41;40;29;48;2;82;71;39m▄[38;2;41;40;29;48;2;90;75;39m▄[38;2;42;41;30;48;2;93;79;40m▄[38;2;43;41;28;48;2;96;78;35m▄[38;2;44;43;28;48;2;96;80;30m▄[38;2;48;45;31;48;2;102;83;23m▄[38;2;48;44;31;48;2;110;88;18m▄[38;2;49;45;29;48;2;104;87;23m▄[38;2;51;46;31;48;2;123;102;40m▄[38;2;56;48;29;48;2;126;108;50m▄[38;2;59;52;32;48;2;106;85;37m▄[38;2;74;58;23;48;2;108;70;6m▄[38;2;107;72;7;49m▄[49m         [38;2;194;156;43;49m▄[38;2;136;105;33;48;2;135;105;31m▄[49;38;2;204;168;42m▀[49m             [m
[49m                        [49;38;2;157;118;0m▀[49;38;2;139;102;18m▀[38;2;137;96;14;48;2;109;85;18m▄[38;2;114;76;5;48;2;180;149;61m▄[38;2;102;71;12;49m▄[38;2;82;68;41;48;2;93;74;30m▄[38;2;24;19;9;48;2;28;23;7m▄[38;2;18;14;10;48;2;20;16;8m▄[38;2;27;26;19;48;2;28;26;18m▄[38;2;31;30;23;48;2;31;30;22m▄[38;2;30;29;22;48;2;31;30;22m▄[38;2;31;30;23;48;2;31;30;22m▄[38;2;31;30;23;48;2;31;30;21m▄[38;2;31;32;22;48;2;32;33;23m▄[38;2;31;32;23;48;2;32;33;23m▄[38;2;30;31;22;48;2;32;33;23m▄[38;2;30;30;23;48;2;32;33;23m▄[38;2;30;31;23;48;2;31;32;22m▄[38;2;30;30;23;48;2;32;31;22m▄[38;2;31;30;22;48;2;34;33;24m▄[38;2;33;29;21;48;2;34;33;24m▄[38;2;31;30;21;48;2;35;34;25m▄[38;2;31;30;21;48;2;36;35;26m▄[38;2;30;31;23;48;2;36;37;29m▄▄[38;2;30;30;22;48;2;37;36;28m▄[38;2;31;30;22;48;2;38;37;28m▄[38;2;31;31;23;48;2;38;37;29m▄[38;2;31;31;23;48;2;38;37;30m▄[38;2;30;31;23;48;2;38;37;30m▄[38;2;32;32;23;48;2;38;37;26m▄[38;2;31;32;24;48;2;39;36;28m▄[38;2;32;31;24;48;2;38;37;28m▄[38;2;33;32;24;48;2;37;36;26m▄[38;2;30;28;21;48;2;34;29;18m▄[38;2;24;21;9;48;2;73;56;21m▄[38;2;77;59;24;48;2;117;76;9m▄[38;2;142;103;18;49m▄[49m       [38;2;123;96;13;48;2;114;83;6m▄[38;2;165;131;32;48;2;177;146;62m▄[49m              [m
[49m                            [49;38;2;112;71;7m▀[38;2;88;70;37;48;2;87;71;37m▄[38;2;23;16;7;48;2;22;15;9m▄[38;2;19;14;9;48;2;18;13;9m▄[38;2;30;28;22;48;2;29;27;22m▄[48;2;31;30;23m  [38;2;31;31;24;48;2;31;30;23m▄[38;2;30;30;24;48;2;31;30;24m▄[38;2;31;30;23;48;2;31;32;24m▄[38;2;31;30;23;48;2;30;31;23m▄[38;2;19;18;13;48;2;30;29;24m▄[38;2;15;14;11;48;2;19;19;13m▄[38;2;14;10;6;48;2;14;13;8m▄[38;2;16;11;6;48;2;17;16;11m▄[38;2;16;11;6;48;2;21;20;15m▄[38;2;16;11;7;48;2;27;25;20m▄[38;2;15;10;6;48;2;31;29;24m▄[38;2;15;9;6;48;2;32;30;25m▄[38;2;9;8;4;48;2;29;29;24m▄[38;2;9;8;4;48;2;29;30;22m▄▄[38;2;17;14;11;48;2;30;29;22m▄[38;2;30;29;23;48;2;30;30;22m▄[48;2;29;30;22m [38;2;30;31;22;48;2;29;30;22m▄[38;2;30;31;21;48;2;29;30;22m▄[38;2;30;31;22;48;2;29;30;22m▄[38;2;30;30;23;48;2;31;30;23m▄[38;2;30;29;22;48;2;30;30;22m▄[38;2;26;23;18;48;2;29;25;19m▄[38;2;18;15;11;48;2;19;16;11m▄[38;2;33;23;8;48;2;36;28;11m▄[38;2;130;104;42;48;2;142;116;56m▄[49m     [38;2;133;96;20;49m▄[38;2;136;104;27;48;2;133;100;17m▄[38;2;159;128;32;48;2;166;137;54m▄[49;38;2;210;172;45m▀[49m              [m
[49m                            [38;2;98;60;0;48;2;108;69;0m▄[38;2;75;60;33;48;2;83;66;36m▄[38;2;21;15;5;48;2;23;16;6m▄[38;2;19;15;9;48;2;19;14;8m▄[38;2;31;30;22;48;2;31;29;22m▄[48;2;31;30;22m [38;2;32;31;23;48;2;31;31;23m▄[38;2;32;33;26;48;2;31;32;24m▄[38;2;31;32;24;48;2;31;31;23m▄[38;2;19;18;11;48;2;30;28;22m▄[38;2;20;16;11;48;2;12;10;6m▄[38;2;26;17;11;48;2;18;14;10m▄[38;2;75;39;26;48;2;25;17;10m▄[38;2;80;1;2;48;2;37;18;9m▄[38;2;86;0;3;48;2;40;15;2m▄[38;2;90;0;4;48;2;46;21;7m▄[38;2;87;0;3;48;2;52;29;15m▄[38;2;83;0;3;48;2;54;34;20m▄[38;2;77;0;2;48;2;50;33;17m▄[38;2;71;0;2;48;2;39;26;12m▄[38;2;55;0;1;48;2;29;18;8m▄[38;2;37;10;5;48;2;13;8;2m▄[38;2;13;3;0;48;2;7;4;1m▄[38;2;5;4;2;48;2;21;21;16m▄[38;2;25;22;18;48;2;30;31;23m▄[38;2;32;31;23;48;2;30;31;23m▄[38;2;32;32;23;48;2;31;32;21m▄[38;2;31;32;22;48;2;32;33;23m▄[38;2;30;31;23;48;2;31;32;23m▄[38;2;30;30;22;48;2;30;31;23m▄[48;2;24;23;16m [38;2;17;15;11;48;2;16;15;9m▄[38;2;38;26;7;48;2;36;25;7m▄[38;2;99;68;7;48;2;116;86;23m▄[49m [38;2;122;91;7;49m▄[38;2;142;105;21;49m▄[38;2;116;88;21;48;2;179;134;40m▄[38;2;176;141;67;48;2;118;82;10m▄[38;2;156;120;16;48;2;139;106;28m▄[49;38;2;189;154;54m▀[49m         [38;2;128;82;0;49m▄[38;2;159;122;46;48;2;180;135;30m▄[38;2;174;128;35;49m▄[49m    [m
[49m                            [38;2;94;60;20;48;2;90;55;14m▄[38;2;49;38;17;48;2;62;49;26m▄[38;2;19;16;9;48;2;21;16;8m▄[38;2;19;19;13;48;2;17;17;10m▄[38;2;34;34;27;48;2;32;32;25m▄[38;2;39;38;29;48;2;35;34;27m▄[38;2;38;36;28;48;2;35;34;26m▄[38;2;36;36;27;48;2;34;33;26m▄[38;2;32;31;22;48;2;32;32;24m▄[38;2;37;36;27;48;2;38;37;28m▄[38;2;42;34;26;48;2;38;34;26m▄[38;2;59;0;6;48;2;58;26;18m▄[38;2;111;0;5;48;2;123;14;12m▄[38;2;194;14;18;48;2;161;11;9m▄[38;2;202;6;10;48;2;137;0;6m▄[38;2;183;4;4;48;2;131;0;5m▄[38;2;180;3;4;48;2;131;0;5m▄[38;2;178;3;5;48;2;127;0;5m▄[38;2;174;1;8;48;2;123;0;6m▄[38;2;177;1;8;48;2;117;0;8m▄[38;2;205;23;27;48;2;111;0;5m▄[38;2;140;5;6;48;2;111;11;11m▄[38;2;65;3;4;48;2;36;6;1m▄[38;2;15;3;3;48;2;10;4;2m▄[38;2;7;2;2;48;2;7;2;1m▄[38;2;39;35;29;48;2;34;32;24m▄[38;2;39;38;31;48;2;36;35;28m▄[38;2;36;35;26;48;2;33;32;23m▄[38;2;35;34;27;48;2;32;31;24m▄[38;2;34;31;23;48;2;32;31;22m▄[38;2;24;22;17;48;2;25;24;17m▄[38;2;17;15;10;48;2;16;15;9m▄[38;2;37;29;8;48;2;30;20;6m▄[38;2;125;98;35;48;2;71;49;4m▄[38;2;150;112;22;48;2;96;69;6m▄[49;38;2;109;85;13m▀[49;38;2;168;139;63m▀[49;38;2;162;139;46m▀[49m            [38;2;158;123;26;48;2;148;107;19m▄[38;2;120;94;28;48;2;116;89;24m▄[38;2;175;131;34;48;2;178;135;38m▄[49m    [m
[49m                            [38;2;112;85;48;48;2;105;78;39m▄[38;2;30;23;9;48;2;40;30;11m▄[38;2;19;16;10;48;2;19;15;8m▄[38;2;26;25;19;48;2;24;20;15m▄[38;2;43;42;34;48;2;39;38;30m▄[38;2;46;45;36;48;2;41;40;31m▄[38;2;43;42;33;48;2;40;39;30m▄[38;2;40;40;31;48;2;38;37;29m▄[38;2;33;31;23;48;2;30;29;21m▄[38;2;39;37;28;48;2;37;36;28m▄[38;2;42;32;24;48;2;41;35;24m▄[38;2;72;0;6;48;2;64;0;5m▄[38;2;122;0;8;48;2;116;0;7m▄[38;2;174;0;13;48;2;172;0;11m▄[38;2;249;96;42;48;2;245;64;33m▄[38;2;253;234;64;48;2;244;131;33m▄[38;2;251;248;100;48;2;237;121;25m▄[38;2;250;245;86;48;2;242;104;27m▄[38;2;245;223;46;48;2;230;77;18m▄[38;2;232;92;19;48;2;221;46;10m▄[38;2;170;0;5;48;2;181;3;4m▄[38;2;120;0;6;48;2;118;0;1m▄[38;2;67;0;1;48;2;65;0;0m▄[38;2;14;2;3;48;2;15;2;1m▄[38;2;7;4;2;48;2;6;3;3m▄[38;2;46;43;36;48;2;41;38;30m▄[38;2;44;45;35;48;2;40;41;31m▄[38;2;42;41;32;48;2;39;38;29m▄[38;2;42;41;33;48;2;38;37;28m▄[38;2;41;40;31;48;2;39;35;27m▄[38;2;24;21;17;48;2;26;21;18m▄[38;2;21;16;9;48;2;20;16;10m▄[38;2;80;64;33;48;2;69;55;26m▄[38;2;175;128;48;48;2;165;119;39m▄[49m                [38;2;110;75;8;48;2;144;98;13m▄[38;2;153;125;55;48;2;115;91;26m▄[49;38;2;171;130;35m▀[49m    [m
[49m                            [38;2;58;58;43;48;2;80;69;48m▄[38;2;22;18;11;48;2;26;21;12m▄[48;2;18;16;10m [48;2;31;30;23m [38;2;41;40;30;48;2;44;44;34m▄[38;2;45;44;34;48;2;44;43;32m▄[38;2;39;36;26;48;2;40;38;27m▄[38;2;43;41;29;48;2;39;38;28m▄[38;2;38;37;27;48;2;36;35;27m▄[38;2;39;38;29;48;2;40;39;30m▄[38;2;48;32;26;48;2;45;33;25m▄[38;2;82;0;6;48;2;80;0;6m▄[38;2;129;0;9;48;2;127;0;10m▄[38;2;187;6;17;48;2;184;4;18m▄[38;2;251;133;44;48;2;251;119;43m▄[38;2;254;254;91;48;2;254;250;90m▄[38;2;252;255;168;48;2;253;255;177m▄[38;2;251;255;166;48;2;252;255;175m▄[38;2;239;233;50;48;2;241;244;61m▄[38;2;229;74;14;48;2;226;86;11m▄[38;2;161;0;4;48;2;166;0;5m▄[38;2;115;0;1;48;2;117;0;3m▄[38;2;58;0;0;48;2;66;0;1m▄[38;2;11;2;2;48;2;11;3;3m▄[38;2;13;12;6;48;2;9;8;4m▄[38;2;43;42;32;48;2;46;45;36m▄[38;2;42;41;30;48;2;47;46;36m▄[38;2;41;40;31;48;2;44;43;34m▄[38;2;40;39;30;48;2;43;42;33m▄[38;2;40;39;30;48;2;43;42;32m▄[38;2;19;18;11;48;2;21;19;15m▄[38;2;22;17;8;48;2;20;16;6m▄[38;2;74;57;23;48;2;80;64;30m▄[49m                [38;2;106;71;6;49m▄[38;2;165;135;68;48;2;122;87;16m▄[38;2;170;119;34;48;2;166;132;51m▄[49m     [m
[49m                            [38;2;39;39;29;48;2;44;44;34m▄[38;2;19;18;11;48;2;21;17;10m▄[38;2;16;15;8;48;2;17;16;9m▄[38;2;29;28;21;48;2;31;30;23m▄[38;2;36;35;26;48;2;38;37;29m▄[38;2;37;36;27;48;2;40;39;29m▄[38;2;36;35;25;48;2;39;38;27m▄[38;2;38;37;28;48;2;40;39;29m▄[38;2;39;37;28;48;2;40;39;30m▄[38;2;42;37;29;48;2;40;37;29m▄[38;2;41;22;17;48;2;48;31;25m▄[38;2;77;0;6;48;2;80;0;6m▄[38;2;135;0;9;48;2;127;0;9m▄[38;2;204;16;19;48;2;191;9;19m▄[38;2;224;44;20;48;2;249;125;41m▄[38;2;227;59;19;48;2;249;208;49m▄[38;2;236;84;27;48;2;252;229;67m▄[38;2;233;90;23;48;2;250;235;73m▄[38;2;231;91;23;48;2;238;201;35m▄[38;2;216;34;11;48;2;225;58;16m▄[38;2;157;0;3;48;2;159;0;2m▄[38;2;101;0;3;48;2;110;0;2m▄[38;2;43;0;1;48;2;53;0;1m▄[38;2;9;2;2;48;2;10;2;3m▄[38;2;16;13;9;48;2;15;13;8m▄[38;2;36;35;26;48;2;37;37;28m▄[38;2;35;34;25;48;2;38;37;28m▄[38;2;35;34;25;48;2;37;36;27m▄[38;2;33;32;23;48;2;36;35;26m▄[38;2;32;31;22;48;2;36;35;26m▄[38;2;17;16;9;48;2;18;17;8m▄[48;2;20;17;8m [38;2;40;32;8;48;2;56;43;14m▄[49m             [38;2;70;56;21;49m▄[38;2;100;81;33;48;2;96;80;0m▄[38;2;118;102;50;48;2;99;70;10m▄[38;2;136;109;33;48;2;162;139;68m▄[49;38;2;161;120;29m▀[49m      [m
[49m                            [38;2;52;48;41;48;2;42;41;31m▄[38;2;20;16;10;48;2;19;18;12m▄[38;2;18;17;10;48;2;17;16;9m▄[38;2;29;28;19;48;2;30;28;20m▄[38;2;33;32;23;48;2;34;33;24m▄[38;2;33;32;23;48;2;36;35;26m▄[38;2;32;31;21;48;2;34;33;23m▄[38;2;37;36;26;48;2;37;36;27m▄[38;2;47;46;35;48;2;39;38;28m▄[38;2;75;73;54;48;2;51;47;35m▄[38;2;72;68;49;48;2;69;57;46m▄[38;2;74;55;38;48;2;73;5;8m▄[38;2;87;5;3;48;2;159;16;18m▄[38;2;93;0;6;48;2;164;5;7m▄[38;2;103;0;5;48;2;155;0;5m▄[38;2;110;0;7;48;2;156;0;7m▄[38;2;112;0;5;48;2;161;0;6m▄[38;2;116;0;5;48;2;164;0;4m▄[38;2;114;0;6;48;2;169;0;6m▄[38;2;115;0;3;48;2;200;19;23m▄[38;2;144;9;12;48;2;168;7;8m▄[38;2;83;2;3;48;2;92;0;1m▄[38;2;22;4;5;48;2;33;0;1m▄[38;2;12;8;4;48;2;7;2;2m▄[38;2;21;18;12;48;2;17;15;11m▄[38;2;39;35;27;48;2;36;32;24m▄[38;2;37;33;25;48;2;35;34;25m▄[38;2;37;33;25;48;2;33;32;23m▄[38;2;32;33;25;48;2;31;32;24m▄[38;2;37;36;29;48;2;33;32;25m▄[48;2;17;15;11m [38;2;20;17;10;48;2;21;17;10m▄[38;2;68;61;38;48;2;48;39;17m▄[49m        [38;2;37;37;22;49m▄[38;2;40;39;26;49m▄[38;2;53;50;33;48;2;34;34;14m▄[38;2;134;132;100;48;2;41;41;18m▄[38;2;57;52;30;48;2;61;54;30m▄[49;38;2;90;85;51m▀[49;38;2;82;78;43m▀[49m         [m
[49m                            [38;2;69;65;55;48;2;61;59;49m▄[38;2;20;16;10;48;2;19;15;9m▄[38;2;19;16;10;48;2;16;17;9m▄[38;2;32;31;24;48;2;31;30;23m▄[38;2;33;32;23;48;2;32;31;23m▄[38;2;33;32;23;48;2;32;31;22m▄[48;2;32;31;22m [38;2;34;33;24;48;2;35;34;25m▄[38;2;35;34;24;48;2;38;37;27m▄[38;2;40;39;26;48;2;53;51;36m▄[38;2;50;47;31;48;2;75;72;51m▄[38;2;75;73;53;48;2;74;70;52m▄[38;2;34;28;13;48;2;51;30;23m▄[38;2;27;20;10;48;2;41;0;0m▄[38;2;28;18;10;48;2;51;0;4m▄[38;2;27;18;9;48;2;61;0;4m▄[38;2;27;16;9;48;2;67;0;4m▄[38;2;28;15;8;48;2;67;0;4m▄[38;2;27;12;6;48;2;68;0;4m▄[38;2;26;12;6;48;2;62;0;2m▄[38;2;19;10;4;48;2;50;0;0m▄[38;2;17;12;3;48;2;24;6;3m▄[38;2;29;28;14;48;2;16;9;4m▄[38;2;40;39;24;48;2;32;30;18m▄[38;2;36;35;24;48;2;40;37;24m▄[38;2;34;33;24;48;2;36;35;25m▄[38;2;33;32;23;48;2;35;34;25m▄[38;2;32;31;22;48;2;34;33;24m▄[48;2;32;31;22m [38;2;26;22;14;48;2;32;28;21m▄[48;2;17;15;11m [38;2;19;17;10;48;2;20;17;12m▄[38;2;53;47;34;48;2;72;65;45m▄[38;2;77;74;59;48;2;26;23;11m▄[38;2;92;88;71;48;2;33;30;18m▄[38;2;80;79;61;48;2;44;40;31m▄[38;2;39;38;20;48;2;53;48;38m▄[38;2;32;30;15;48;2;48;42;32m▄[38;2;70;70;49;48;2;46;43;29m▄[38;2;90;90;69;48;2;43;43;25m▄[38;2;33;33;13;48;2;57;53;31m▄[49;38;2;117;112;88m▀[49;38;2;36;29;11m▀[49;38;2;109;97;73m▀[49m             [m
[49m   [38;2;0;0;0;49m▄[38;2;25;22;26;49m▄[38;2;76;76;59;49m▄[49m                [38;2;27;23;23;49m▄[38;2;42;39;33;49m▄[38;2;43;42;30;49m▄[38;2;72;69;55;48;2;43;43;33m▄[38;2;46;42;29;48;2;38;38;27m▄[38;2;41;39;29;48;2;43;43;34m▄[38;2;66;65;53;48;2;71;68;58m▄[48;2;20;16;10m [38;2;19;16;10;48;2;17;16;9m▄[38;2;35;31;25;48;2;33;30;24m▄[38;2;35;32;24;48;2;34;32;24m▄[38;2;34;32;24;48;2;33;32;23m▄[38;2;34;33;24;48;2;32;31;22m▄[48;2;34;33;24m [38;2;34;33;24;48;2;35;34;24m▄▄[38;2;36;35;26;48;2;38;37;27m▄[38;2;37;36;26;48;2;47;45;30m▄[38;2;37;36;26;48;2;42;39;22m▄[38;2;38;38;26;48;2;33;31;12m▄[38;2;38;38;24;48;2;31;28;9m▄[38;2;38;38;25;48;2;36;34;15m▄[38;2;39;39;25;48;2;48;46;26m▄[38;2;40;39;26;48;2;58;55;35m▄[38;2;40;39;27;48;2;57;54;34m▄[38;2;40;40;25;48;2;49;47;27m▄[38;2;37;37;22;48;2;35;33;15m▄[38;2;37;37;23;48;2;29;28;11m▄[38;2;36;34;24;48;2;37;35;22m▄[38;2;34;33;24;48;2;34;34;24m▄[38;2;33;32;23;48;2;34;33;24m▄[48;2;33;32;23m [48;2;34;33;24m [48;2;32;31;22m [38;2;32;32;22;48;2;32;31;22m▄[38;2;23;19;11;48;2;25;21;13m▄[38;2;18;17;10;48;2;17;16;10m▄[38;2;20;17;12;48;2;20;16;12m▄[38;2;55;50;37;48;2;89;83;63m▄[49m                        [m
[49m    [49;38;2;17;15;20m▀[38;2;32;30;20;48;2;72;67;52m▄[38;2;54;49;36;49m▄[38;2;46;46;23;49m▄[49m         [38;2;36;36;29;49m▄[38;2;33;32;25;49m▄[38;2;61;59;47;48;2;21;17;17m▄[38;2;88;85;68;48;2;28;28;23m▄[38;2;22;17;7;48;2;45;43;35m▄[49;38;2;55;51;40m▀[49;38;2;87;84;71m▀[49;38;2;44;39;28m▀[49;38;2;14;14;0m▀[49m [38;2;36;30;24;48;2;22;15;8m▄[38;2;55;51;40;48;2;62;60;49m▄[38;2;18;17;10;48;2;19;16;10m▄[38;2;20;18;10;48;2;19;16;9m▄[38;2;34;31;21;48;2;35;31;24m▄[38;2;34;30;20;48;2;34;31;23m▄[38;2;34;31;22;48;2;33;31;22m▄[48;2;34;33;24m [38;2;34;33;24;48;2;35;34;25m▄[48;2;34;33;24m  [38;2;35;34;25;48;2;34;33;24m▄[38;2;35;34;25;48;2;36;35;26m▄[48;2;35;34;25m [38;2;34;33;24;48;2;35;34;25m▄[38;2;34;33;24;48;2;35;34;24m▄[48;2;35;34;25m [38;2;35;34;25;48;2;37;36;27m▄[38;2;34;33;24;48;2;35;34;25m▄[38;2;35;34;25;48;2;36;35;26m▄▄[38;2;35;34;25;48;2;36;35;27m▄[48;2;35;34;25m [48;2;34;33;24m  [48;2;33;32;23m   [38;2;33;32;23;48;2;32;31;22m▄[38;2;33;32;25;48;2;32;31;23m▄[38;2;24;20;14;48;2;22;18;11m▄[38;2;17;16;10;48;2;18;16;10m▄[38;2;23;18;11;48;2;21;17;11m▄[38;2;20;17;9;48;2;36;33;23m▄[49m                        [m
[49m     [49;38;2;0;0;13m▀[49;38;2;31;28;25m▀[38;2;14;14;12;48;2;68;67;55m▄[38;2;38;36;32;48;2;40;40;32m▄[38;2;42;38;29;48;2;56;48;40m▄[38;2;43;39;30;49m▄[38;2;43;41;31;49m▄[38;2;45;41;31;49m▄[38;2;45;39;30;48;2;31;25;25m▄[38;2;62;56;43;48;2;42;37;32m▄[38;2;65;58;47;48;2;28;27;23m▄[38;2;17;11;6;48;2;50;48;40m▄[49;38;2;55;51;37m▀[49;38;2;78;71;60m▀[49;38;2;18;18;0m▀[49m       [38;2;65;61;53;48;2;52;40;36m▄[38;2;33;27;18;48;2;41;37;26m▄[38;2;19;18;9;48;2;17;16;9m▄[38;2;26;22;14;48;2;22;21;12m▄[38;2;35;31;21;48;2;36;32;22m▄[48;2;34;30;20m [38;2;36;32;22;48;2;35;32;23m▄[38;2;35;32;24;48;2;34;33;25m▄[38;2;37;34;25;48;2;34;33;24m▄[38;2;37;35;26;48;2;34;33;24m▄[48;2;35;34;25m   [38;2;37;36;27;48;2;35;34;25m▄[48;2;35;34;25m  [38;2;36;35;26;48;2;35;34;25m▄[38;2;35;34;25;48;2;36;35;26m▄[38;2;36;35;26;48;2;35;34;25m▄▄[48;2;35;34;25m [38;2;37;36;27;48;2;35;34;25m▄[48;2;35;34;25m [38;2;35;34;25;48;2;34;33;25m▄▄[38;2;35;34;25;48;2;33;32;23m▄▄▄[38;2;34;33;24;48;2;32;31;22m▄[38;2;35;31;23;48;2;32;31;24m▄[38;2;22;16;9;48;2;23;18;13m▄[38;2;18;15;10;48;2;18;16;12m▄[38;2;35;30;22;48;2;27;23;14m▄[38;2;9;4;0;48;2;12;7;0m▄[49m                        [m
[49m         [49;38;2;30;30;30m▀[49;38;2;38;38;28m▀[49;38;2;20;20;17m▀[49;38;2;27;22;20m▀[49;38;2;31;20;20m▀[49m             [38;2;86;79;67;48;2;79;71;64m▄[38;2;26;20;12;48;2;27;23;12m▄[38;2;22;18;10;48;2;20;17;9m▄[38;2;33;29;21;48;2;29;25;17m▄[38;2;37;31;22;48;2;36;30;21m▄[38;2;37;31;22;48;2;35;30;19m▄[38;2;38;32;22;48;2;36;32;21m▄[38;2;40;35;24;48;2;36;32;22m▄[38;2;40;34;26;48;2;38;34;24m▄[38;2;39;35;27;48;2;38;35;25m▄[38;2;37;36;25;48;2;37;36;27m▄[38;2;37;36;27;48;2;35;34;25m▄[48;2;37;36;27m  [38;2;37;36;25;48;2;36;35;26m▄[38;2;37;36;27;48;2;36;35;26m▄[38;2;37;36;27;48;2;35;34;25m▄[48;2;37;36;27m    [38;2;37;36;27;48;2;35;34;25m▄[38;2;37;36;27;48;2;36;35;26m▄[38;2;36;35;26;48;2;35;34;25m▄[38;2;35;34;24;48;2;35;34;25m▄▄[48;2;35;34;25m [38;2;36;35;24;48;2;35;34;23m▄[48;2;35;34;23m [48;2;36;32;22m [38;2;23;17;9;48;2;22;16;9m▄[38;2;20;16;9;48;2;20;14;12m▄[38;2;47;39;33;48;2;42;37;30m▄[49m                         [m
[49m                    [38;2;8;4;0;49m▄[38;2;26;17;13;49m▄[38;2;34;32;27;49m▄[38;2;36;37;29;49m▄[38;2;37;41;34;49m▄[38;2;48;48;42;49m▄[38;2;31;31;19;49m▄[38;2;75;68;54;48;2;86;82;71m▄[38;2;30;21;10;48;2;26;20;11m▄[38;2;24;18;10;48;2;22;17;10m▄[38;2;39;33;24;48;2;36;32;24m▄[38;2;39;34;23;48;2;38;32;23m▄[38;2;39;33;22;48;2;39;32;21m▄[38;2;40;35;23;48;2;40;33;22m▄[38;2;42;36;25;48;2;40;35;24m▄[38;2;42;35;24;48;2;40;34;26m▄[38;2;41;35;26;48;2;39;35;27m▄[38;2;40;36;25;48;2;37;36;25m▄[38;2;40;36;26;48;2;38;37;28m▄[48;2;38;37;28m [38;2;39;38;29;48;2;38;37;28m▄[48;2;38;37;28m [38;2;39;38;27;48;2;38;37;26m▄[38;2;39;38;29;48;2;38;37;28m▄[38;2;39;38;29;48;2;37;36;27m▄[38;2;39;38;27;48;2;37;36;27m▄▄[38;2;38;37;26;48;2;37;36;27m▄▄[38;2;37;36;26;48;2;37;36;27m▄[38;2;37;36;25;48;2;36;35;25m▄[38;2;37;37;25;48;2;36;35;24m▄[38;2;37;36;25;48;2;37;36;26m▄[38;2;37;36;25;48;2;37;36;27m▄[38;2;39;35;25;48;2;38;35;25m▄[38;2;39;35;25;48;2;37;35;24m▄[38;2;40;33;24;48;2;38;34;24m▄[48;2;23;17;10m [38;2;24;17;10;48;2;21;16;11m▄[38;2;35;25;17;48;2;42;33;26m▄[49m                         [m
[49m                [38;2;19;19;13;49m▄[38;2;24;23;20;49m▄[38;2;50;48;40;48;2;18;16;16m▄[38;2;76;71;62;48;2;31;27;22m▄[38;2;17;14;11;48;2;50;50;40m▄[49;38;2;34;30;21m▀[49;38;2;27;26;20m▀[49;38;2;28;27;22m▀[49;38;2;23;24;21m▀[49;38;2;23;24;22m▀[38;2;23;46;64;48;2;30;31;26m▄[38;2;43;40;29;48;2;39;35;26m▄[38;2;32;22;9;48;2;31;22;8m▄[38;2;29;20;12;48;2;26;19;10m▄[38;2;42;33;24;48;2;39;33;24m▄[38;2;44;34;21;48;2;41;35;23m▄[38;2;44;36;23;48;2;42;36;24m▄[38;2;43;37;24;48;2;42;37;25m▄[38;2;43;38;25;48;2;43;38;26m▄[38;2;40;34;22;48;2;39;36;23m▄[38;2;42;35;25;48;2;37;33;22m▄[38;2;44;36;24;48;2;40;36;23m▄[38;2;43;34;23;48;2;42;36;26m▄[38;2;42;34;23;48;2;40;37;27m▄[38;2;37;29;21;48;2;39;38;27m▄[38;2;32;26;17;48;2;40;38;29m▄[38;2;29;24;15;48;2;40;38;27m▄[38;2;31;24;17;48;2;40;38;29m▄[38;2;36;29;23;48;2;40;38;29m▄[38;2;40;35;27;48;2;39;38;27m▄[38;2;40;34;25;48;2;39;38;27m▄[38;2;40;35;25;48;2;40;37;27m▄[38;2;37;32;23;48;2;40;36;26m▄[38;2;35;31;19;48;2;40;36;26m▄[38;2;36;30;18;48;2;40;36;26m▄[38;2;38;32;20;48;2;40;36;26m▄[38;2;42;35;23;48;2;40;36;26m▄[38;2;42;35;22;48;2;40;36;26m▄[38;2;41;35;22;48;2;39;35;25m▄▄[38;2;40;32;22;48;2;41;32;23m▄[38;2;23;18;11;48;2;23;17;10m▄[38;2;25;17;11;48;2;23;18;13m▄[38;2;29;16;9;48;2;31;16;12m▄[49m                         [m
[49m               [38;2;16;16;10;48;2;0;0;0m▄[38;2;80;78;65;48;2;28;26;19m▄[38;2;16;12;4;48;2;75;71;61m▄[49;38;2;20;15;5m▀[49m        [38;2;69;61;52;48;2;53;48;38m▄[38;2;30;22;8;48;2;30;22;10m▄[38;2;29;21;9;48;2;28;20;10m▄[38;2;42;35;21;48;2;42;34;23m▄[38;2;46;36;23;48;2;44;35;23m▄[38;2;47;37;24;48;2;45;37;24m▄[38;2;46;38;25;48;2;44;37;24m▄[38;2;46;38;25;48;2;44;39;25m▄[38;2;41;28;16;48;2;39;31;18m▄[38;2;64;40;31;48;2;46;31;22m▄[38;2;84;37;32;48;2;52;32;23m▄[38;2;101;36;31;48;2;54;32;22m▄[38;2;102;35;35;48;2;56;34;24m▄[38;2;97;33;32;48;2;56;34;28m▄[38;2;83;27;23;48;2;53;34;28m▄[38;2;72;18;17;48;2;51;35;28m▄[38;2;63;14;12;48;2;50;34;28m▄[38;2;62;15;14;48;2;50;34;27m▄[38;2;64;21;18;48;2;48;35;28m▄[38;2;68;30;24;48;2;47;35;26m▄[38;2;68;31;25;48;2;46;35;27m▄[38;2;65;31;25;48;2;46;34;27m▄[38;2;53;32;22;48;2;44;33;23m▄[38;2;47;32;23;48;2;41;31;21m▄[38;2;36;27;16;48;2;38;30;18m▄[38;2;43;37;23;48;2;42;34;21m▄[38;2;43;35;22;48;2;44;36;23m▄[38;2;42;36;22;48;2;42;34;21m▄[48;2;41;33;20m [38;2;31;20;8;48;2;33;24;13m▄[38;2;26;17;8;48;2;24;18;11m▄[38;2;25;16;10;48;2;22;17;10m▄[38;2;56;39;33;48;2;35;21;17m▄[49m                [38;2;14;11;7;49m▄[38;2;63;50;38;48;2;47;36;33m▄[38;2;13;0;0;49m▄[49m      [m
[49m              [38;2;27;25;18;48;2;17;17;0m▄[38;2;51;47;34;48;2;44;40;29m▄[49;38;2;52;50;32m▀[49m          [38;2;74;67;55;48;2;70;62;49m▄[38;2;30;21;9;48;2;31;21;10m▄[38;2;29;19;7;48;2;28;19;8m▄[38;2;43;35;21;48;2;43;35;24m▄[38;2;46;37;24;48;2;45;36;21m▄[38;2;46;37;22;48;2;45;36;23m▄[38;2;46;38;23;48;2;47;38;24m▄[38;2;48;38;24;48;2;46;38;24m▄[38;2;50;27;17;48;2;42;25;14m▄[38;2;95;41;36;48;2;84;42;36m▄[38;2;173;0;12;48;2;148;2;13m▄[38;2;221;0;8;48;2;197;1;13m▄[38;2;227;0;9;48;2;197;2;13m▄[38;2;228;0;9;48;2;190;2;11m▄[38;2;227;0;9;48;2;179;2;12m▄[38;2;227;0;8;48;2;174;2;14m▄[38;2;227;0;10;48;2;164;8;15m▄[38;2;223;0;10;48;2;158;14;20m▄[38;2;222;0;11;48;2;153;19;30m▄[38;2;220;0;10;48;2;148;26;33m▄[38;2;216;0;12;48;2;142;27;29m▄[38;2;205;0;10;48;2;126;26;26m▄[38;2;135;20;26;48;2;91;30;27m▄[38;2;77;38;32;48;2;61;37;29m▄[38;2;41;23;14;48;2;37;25;13m▄[38;2;44;35;22;48;2;43;36;20m▄[38;2;44;34;21;48;2;42;35;19m▄[38;2;44;35;20;48;2;43;35;21m▄[38;2;43;34;19;48;2;43;35;22m▄[48;2;28;18;6m [38;2;25;16;9;48;2;25;16;8m▄[38;2;25;15;9;48;2;24;15;8m▄[38;2;58;35;30;48;2;37;24;18m▄[38;2;44;24;19;48;2;86;69;65m▄[38;2;63;40;37;49m▄[49m             [38;2;25;5;5;49m▄[38;2;59;46;38;48;2;34;24;19m▄[38;2;41;34;30;48;2;70;59;47m▄[49m       [m
[49m              [38;2;78;79;62;48;2;36;36;24m▄[49;38;2;72;68;56m▀[49m          [38;2;14;14;14;49m▄[38;2;71;64;52;48;2;67;61;49m▄[38;2;31;20;6;48;2;27;21;7m▄[38;2;29;20;7;48;2;27;22;9m▄[38;2;44;36;22;48;2;44;36;23m▄[38;2;44;37;21;48;2;45;36;23m▄[38;2;45;36;21;48;2;45;36;20m▄[38;2;46;35;18;48;2;48;38;23m▄[38;2;51;37;20;48;2;52;39;23m▄[38;2;62;44;24;48;2;69;46;32m▄[38;2;89;51;35;48;2;95;43;33m▄[38;2;129;35;34;48;2;167;0;13m▄[38;2;194;0;13;48;2;220;0;9m▄[38;2;219;0;9;48;2;230;0;10m▄[38;2;223;0;10;48;2;231;0;10m▄[38;2;226;0;10;48;2;231;0;9m▄[38;2;226;0;8;48;2;230;0;9m▄[38;2;227;0;11;48;2;230;0;9m▄[38;2;228;0;12;48;2;229;0;10m▄[38;2;227;0;9;48;2;232;0;10m▄[38;2;224;0;11;48;2;228;0;11m▄[38;2;222;0;10;48;2;227;0;11m▄[38;2;198;0;8;48;2;217;0;11m▄[38;2;128;29;29;48;2;141;20;25m▄[38;2;84;47;34;48;2;81;41;32m▄[38;2;54;36;19;48;2;47;27;15m▄[38;2;46;36;21;48;2;45;35;23m▄[38;2;43;34;20;48;2;44;34;22m▄[38;2;43;35;22;48;2;44;35;22m▄[38;2;43;35;22;48;2;43;34;21m▄[38;2;27;16;5;48;2;26;18;5m▄[38;2;24;14;7;48;2;24;15;8m▄[38;2;25;14;6;48;2;25;14;8m▄[38;2;38;22;20;48;2;58;34;32m▄[49;38;2;33;8;8m▀[49;38;2;41;21;17m▀[38;2;44;21;19;48;2;60;46;37m▄[38;2;46;33;26;48;2;80;50;42m▄[38;2;76;58;51;49m▄[38;2;39;20;20;49m▄[49m        [38;2;43;19;16;49m▄[38;2;85;57;50;48;2;37;23;15m▄[38;2;71;18;18;48;2;84;64;53m▄[49m        [m
[49m             [38;2;13;13;13;48;2;0;16;0m▄[38;2;59;58;43;48;2;80;80;63m▄[49m           [38;2;40;37;31;48;2;30;26;21m▄[38;2;50;43;29;48;2;58;50;36m▄[38;2;29;19;7;48;2;30;19;7m▄[38;2;29;21;8;48;2;29;20;6m▄[38;2;43;34;20;48;2;42;33;18m▄[38;2;42;33;18;48;2;45;36;21m▄[38;2;44;36;20;48;2;43;38;21m▄[38;2;45;37;23;48;2;43;36;20m▄[38;2;44;36;22;48;2;46;36;20m▄[38;2;47;38;23;48;2;52;42;24m▄[38;2;54;39;22;48;2;62;41;21m▄[38;2;62;37;16;48;2;93;46;31m▄[38;2;100;56;33;48;2;131;28;25m▄[38;2;118;53;34;48;2;180;2;9m▄[38;2;125;47;30;48;2;195;0;7m▄[38;2;128;42;28;48;2;201;0;8m▄[38;2;131;40;28;48;2;205;0;8m▄[38;2;139;37;31;48;2;208;0;12m▄[38;2;142;34;29;48;2;212;0;11m▄[38;2;146;26;25;48;2;212;0;11m▄[38;2;143;20;19;48;2;212;0;12m▄[38;2;124;36;31;48;2;194;1;13m▄[38;2;96;45;29;48;2;141;27;30m▄[38;2;73;43;18;48;2;101;50;34m▄[38;2;53;38;13;48;2;69;45;21m▄[38;2;46;35;17;48;2;51;37;17m▄[38;2;46;35;20;48;2;46;36;19m▄[38;2;44;35;21;48;2;44;36;21m▄[38;2;44;35;23;48;2;44;36;23m▄[48;2;42;34;21m [38;2;23;13;5;48;2;27;16;7m▄[38;2;22;13;6;48;2;24;14;7m▄[38;2;25;17;9;48;2;23;15;6m▄[38;2;6;0;0;48;2;23;12;9m▄[49m   [49;38;2;20;8;8m▀[49;38;2;35;22;21m▀[38;2;19;14;12;48;2;53;42;38m▄[38;2;32;28;23;48;2;40;34;27m▄[38;2;40;38;35;49m▄[38;2;38;32;29;49m▄[38;2;38;32;27;49m▄[38;2;39;31;28;49m▄[38;2;51;46;37;49m▄[38;2;55;46;39;48;2;42;33;28m▄[38;2;33;25;14;48;2;62;44;33m▄[49;38;2;80;61;52m▀[49;38;2;32;0;0m▀[49m         [m
[38;2;17;18;20;49m▄[38;2;9;10;10;49m▄[38;2;4;6;3;49m▄[38;2;7;6;5;49m▄[38;2;14;10;9;49m▄[38;2;14;11;11;49m▄[38;2;16;14;13;49m▄[38;2;13;16;10;49m▄[38;2;9;9;9;49m▄[38;2;0;0;16;49m▄[38;2;0;0;0;49m▄▄[49m [49;38;2;8;8;8m▀[49;38;2;62;63;47m▀[49m           [38;2;17;17;0;48;2;55;52;42m▄[38;2;57;50;39;48;2;36;29;15m▄[48;2;27;19;6m [38;2;35;25;13;48;2;32;23;11m▄[38;2;43;33;22;48;2;42;35;21m▄[38;2;42;33;20;48;2;44;36;22m▄[38;2;42;32;20;48;2;43;34;20m▄[38;2;43;33;22;48;2;45;34;21m▄[38;2;43;34;20;48;2;44;35;22m▄[38;2;43;34;16;48;2;46;37;21m▄[38;2;43;34;19;48;2;46;36;18m▄[38;2;47;38;24;48;2;54;40;23m▄[38;2;49;38;21;48;2;65;43;21m▄[38;2;49;37;16;48;2;69;41;16m▄[38;2;50;35;13;48;2;72;40;12m▄[38;2;54;36;19;48;2;69;35;10m▄[38;2;52;38;21;48;2;67;31;9m▄[38;2;55;39;23;48;2;74;35;10m▄[38;2;55;40;23;48;2;86;47;23m▄[38;2;55;39;23;48;2;103;62;37m▄[38;2;58;38;23;48;2;112;69;45m▄[38;2;56;39;19;48;2;100;63;39m▄[38;2;51;35;15;48;2;64;37;11m▄[38;2;47;35;17;48;2;53;35;15m▄[38;2;45;35;22;48;2;48;35;18m▄[38;2;44;35;21;48;2;46;35;19m▄[38;2;44;35;20;48;2;45;36;21m▄[38;2;44;36;21;48;2;44;35;22m▄[38;2;44;36;23;48;2;45;35;23m▄[38;2;41;31;19;48;2;44;35;23m▄[38;2;23;13;3;48;2;23;13;2m▄[38;2;17;10;3;48;2;20;11;5m▄[38;2;31;22;20;48;2;30;20;14m▄[49m        [49;38;2;9;9;5m▀[49;38;2;32;31;28m▀[49;38;2;33;32;25m▀[49;38;2;17;17;10m▀[49m              [m
[38;2;14;19;18;48;2;18;23;22m▄▄[38;2;14;19;18;48;2;19;24;23m▄[38;2;15;20;19;48;2;22;29;27m▄[38;2;24;29;28;48;2;19;26;24m▄[38;2;18;23;22;48;2;24;30;29m▄[38;2;18;24;22;48;2;23;30;28m▄[38;2;17;24;22;48;2;22;27;27m▄[38;2;18;24;24;48;2;19;23;25m▄[38;2;18;24;25;48;2;25;29;31m▄[38;2;20;26;27;48;2;26;29;31m▄[38;2;18;24;25;48;2;25;28;29m▄[38;2;20;26;26;48;2;30;36;35m▄[38;2;19;25;26;48;2;28;30;33m▄[38;2;19;25;26;48;2;26;27;27m▄[38;2;21;26;27;48;2;21;21;22m▄[38;2;25;29;31;48;2;12;13;14m▄[38;2;26;32;32;48;2;6;7;9m▄[38;2;25;30;31;48;2;4;4;7m▄[38;2;25;30;32;48;2;9;8;8m▄[38;2;22;27;27;48;2;11;11;7m▄[38;2;26;30;29;49m▄[38;2;26;30;31;49m▄[38;2;24;29;29;49m▄[38;2;23;25;28;49m▄[38;2;22;24;26;49m▄[38;2;21;26;26;49m▄[38;2;26;31;32;48;2;42;34;34m▄[38;2;31;34;34;48;2;62;54;49m▄[38;2;30;32;32;48;2;22;14;6m▄[38;2;28;27;23;48;2;32;23;15m▄[38;2;19;18;13;48;2;32;23;13m▄[38;2;16;12;9;48;2;33;22;7m▄[38;2;15;12;8;48;2;33;25;8m▄[38;2;20;16;10;48;2;32;22;10m▄[38;2;26;21;13;48;2;37;25;12m▄[38;2;31;24;16;48;2;34;24;11m▄[38;2;31;23;16;48;2;36;28;16m▄[38;2;35;23;17;48;2;35;25;13m▄[38;2;32;21;10;48;2;40;28;14m▄[38;2;34;24;11;48;2;40;27;13m▄[38;2;34;23;12;48;2;41;29;12m▄[38;2;35;26;19;48;2;44;33;18m▄[38;2;34;26;16;48;2;44;35;20m▄[38;2;34;26;14;48;2;44;38;21m▄[38;2;33;26;15;48;2;46;38;23m▄[38;2;34;25;16;48;2;45;35;20m▄[38;2;35;27;15;48;2;44;36;18m▄[38;2;34;25;11;48;2;44;33;18m▄[38;2;36;26;12;48;2;46;35;19m▄[38;2;36;26;11;48;2;44;35;20m▄[38;2;36;26;12;48;2;44;35;20m▄[38;2;35;25;13;48;2;42;34;21m▄[38;2;34;26;14;48;2;44;36;23m▄[38;2;34;27;17;48;2;41;36;22m▄[38;2;29;25;13;48;2;42;34;22m▄[38;2;20;9;2;48;2;22;11;3m▄[38;2;16;7;1;48;2;18;9;2m▄[38;2;18;12;10;48;2;28;22;18m▄[49m                          [m
[38;2;11;13;13;48;2;11;16;15m▄▄[38;2;12;14;14;48;2;12;16;16m▄[38;2;11;16;15;48;2;12;17;16m▄[38;2;11;16;15;48;2;13;18;17m▄[38;2;12;17;16;48;2;13;18;17m▄[38;2;12;17;17;48;2;14;19;18m▄[38;2;13;16;17;48;2;14;19;18m▄[38;2;12;17;16;48;2;15;20;19m▄[38;2;13;19;17;48;2;14;20;19m▄[38;2;12;18;16;48;2;15;20;20m▄[38;2;14;19;18;48;2;16;22;22m▄[38;2;15;19;18;48;2;18;23;24m▄[38;2;18;23;22;48;2;24;30;31m▄[38;2;16;22;22;48;2;20;26;26m▄[38;2;18;24;25;48;2;19;25;26m▄[38;2;19;25;26;48;2;24;29;30m▄[38;2;19;25;26;48;2;21;27;28m▄[38;2;17;23;24;48;2;17;24;23m▄[38;2;19;23;23;48;2;19;24;23m▄[38;2;18;23;22;48;2;20;26;25m▄[38;2;18;23;22;48;2;19;24;26m▄[38;2;17;23;22;48;2;24;30;31m▄[38;2;17;22;23;48;2;21;27;29m▄[38;2;18;23;24;48;2;22;28;29m▄[38;2;18;24;23;48;2;20;27;26m▄[38;2;17;24;22;48;2;21;28;26m▄[38;2;18;24;25;48;2;22;28;28m▄[38;2;18;24;25;48;2;23;29;28m▄[38;2;18;24;25;48;2;23;28;30m▄[38;2;19;26;24;48;2;27;33;34m▄[38;2;19;26;24;48;2;24;30;30m▄[38;2;20;27;25;48;2;25;31;30m▄[38;2;22;29;27;48;2;30;36;35m▄[38;2;24;31;29;48;2;30;35;34m▄[38;2;25;31;30;48;2;29;33;33m▄[38;2;27;31;33;48;2;32;36;36m▄[38;2;28;34;35;48;2;29;34;34m▄[38;2;29;35;36;48;2;29;31;31m▄[38;2;29;33;34;48;2;24;24;23m▄[38;2;31;37;37;48;2;32;33;30m▄[38;2;34;42;41;48;2;33;35;31m▄[38;2;41;50;47;48;2;36;38;36m▄[38;2;43;51;50;48;2;39;41;37m▄[38;2;44;51;51;48;2;42;41;38m▄[38;2;43;49;49;48;2;36;32;30m▄[38;2;37;45;45;48;2;25;24;21m▄[38;2;34;41;41;48;2;20;18;13m▄[38;2;33;41;40;48;2;21;17;10m▄[38;2;32;41;37;48;2;23;20;12m▄[38;2;36;41;40;48;2;27;22;13m▄[38;2;37;40;41;48;2;30;24;16m▄[38;2;35;39;39;48;2;32;26;18m▄[38;2;36;40;42;48;2;31;24;18m▄[38;2;29;32;31;48;2;30;24;16m▄[38;2;29;30;29;48;2;19;13;6m▄[38;2;29;32;29;48;2;18;10;4m▄[38;2;25;29;27;48;2;27;21;16m▄[38;2;31;34;37;48;2;12;0;0m▄[38;2;30;33;37;49m▄[38;2;30;32;32;49m▄[38;2;15;16;18;49m▄[38;2;7;12;12;49m▄[38;2;0;4;7;49m▄[38;2;0;0;0;49m▄[49m                    [m
[38;2;11;12;12;48;2;11;13;13m▄[38;2;12;12;12;48;2;11;13;13m▄[38;2;11;13;13;48;2;11;14;13m▄[38;2;13;15;15;48;2;11;15;15m▄[38;2;13;15;15;48;2;12;16;16m▄[48;2;12;17;16m [38;2;11;16;15;48;2;13;17;18m▄[38;2;11;16;15;48;2;14;16;18m▄[48;2;12;17;16m [38;2;13;18;17;48;2;12;17;16m▄[38;2;14;19;19;48;2;13;18;17m▄[38;2;17;21;23;48;2;13;18;17m▄[38;2;18;23;24;48;2;15;20;19m▄[38;2;22;26;28;48;2;15;20;20m▄[38;2;16;20;22;48;2;14;18;20m▄[38;2;17;22;23;48;2;16;20;22m▄[38;2;22;24;26;48;2;17;21;23m▄[38;2;20;23;24;48;2;19;24;26m▄[38;2;23;28;27;48;2;20;27;26m▄[38;2;24;30;29;48;2;22;28;27m▄[38;2;27;34;33;48;2;20;26;25m▄[38;2;25;31;30;48;2;16;22;20m▄[38;2;22;29;27;48;2;15;22;20m▄[38;2;20;27;25;48;2;18;24;24m▄[38;2;21;27;25;48;2;18;22;23m▄[38;2;16;22;21;48;2;18;23;22m▄[38;2;15;21;19;48;2;14;21;19m▄[38;2;15;19;18;48;2;15;21;20m▄[38;2;14;19;18;48;2;15;22;20m▄[38;2;14;19;18;48;2;16;23;21m▄[38;2;14;21;19;48;2;16;23;21m▄▄[38;2;14;21;19;48;2;17;24;22m▄[38;2;14;21;19;48;2;16;23;21m▄[38;2;14;21;19;48;2;17;24;22m▄▄[38;2;14;20;20;48;2;19;25;26m▄[38;2;15;21;20;48;2;21;27;28m▄[38;2;17;24;22;48;2;26;32;33m▄[38;2;18;25;23;48;2;27;31;32m▄[38;2;20;25;24;48;2;26;32;32m▄[38;2;22;28;27;48;2;30;37;35m▄[38;2;20;27;25;48;2;30;35;35m▄[38;2;18;25;24;48;2;31;36;35m▄[38;2;24;31;29;48;2;33;40;38m▄[38;2;26;32;32;48;2;31;38;37m▄[38;2;29;34;35;48;2;37;43;43m▄[38;2;27;33;34;48;2;27;34;34m▄[38;2;22;29;28;48;2;25;33;32m▄[38;2;20;26;27;48;2;28;33;34m▄[38;2;20;25;25;48;2;29;35;37m▄[38;2;21;27;26;48;2;28;33;35m▄[38;2;24;29;30;48;2;28;33;34m▄[38;2;21;26;27;48;2;27;32;33m▄[38;2;21;26;27;48;2;27;33;34m▄[38;2;22;27;26;48;2;33;39;39m▄[38;2;22;26;26;48;2;32;38;38m▄[38;2;20;26;25;48;2;32;38;36m▄[38;2;20;26;26;48;2;25;32;33m▄[38;2;19;25;25;48;2;26;33;33m▄[38;2;21;26;25;48;2;27;34;33m▄[38;2;25;32;30;48;2;27;34;32m▄[38;2;22;29;29;48;2;29;34;36m▄[38;2;24;30;30;48;2;25;29;31m▄[38;2;21;25;26;48;2;22;27;26m▄[38;2;23;30;28;48;2;24;29;28m▄[38;2;18;26;24;48;2;22;26;26m▄[38;2;17;24;24;48;2;20;23;26m▄[38;2;20;25;27;48;2;19;22;23m▄[38;2;17;23;24;48;2;14;17;18m▄[38;2;15;22;20;48;2;13;16;16m▄[38;2;17;23;22;48;2;15;15;15m▄[38;2;21;26;26;48;2;22;22;24m▄[38;2;17;22;21;48;2;23;25;25m▄[38;2;16;20;20;48;2;20;23;23m▄[38;2;19;25;24;48;2;18;18;18m▄[38;2;20;24;25;48;2;18;16;18m▄[38;2;21;24;26;48;2;13;10;13m▄[38;2;24;25;28;48;2;7;3;7m▄[38;2;23;26;27;48;2;0;0;0m▄[38;2;28;30;31;48;2;0;0;0m▄[38;2;28;30;32;49m▄[38;2;25;27;28;49m▄[38;2;20;23;22;49m▄[38;2;16;17;19;49m▄[m
[48;2;9;11;11m [38;2;9;11;11;48;2;11;13;13m▄▄▄[38;2;9;11;11;48;2;10;12;12m▄[38;2;8;13;12;48;2;11;13;13m▄[38;2;12;17;16;48;2;12;14;14m▄[38;2;12;17;16;48;2;11;16;15m▄[48;2;13;18;17m [38;2;13;18;17;48;2;15;20;19m▄[38;2;16;21;20;48;2;17;21;21m▄[38;2;20;23;23;48;2;20;25;26m▄[38;2;21;25;27;48;2;17;22;23m▄[38;2;21;25;27;48;2;21;27;28m▄[38;2;20;25;24;48;2;21;26;26m▄[38;2;25;30;29;48;2;17;21;21m▄[38;2;26;30;29;48;2;19;21;21m▄[38;2;24;29;28;48;2;19;24;23m▄[38;2;24;29;28;48;2;22;27;26m▄[38;2;21;28;26;48;2;20;26;27m▄[38;2;20;25;24;48;2;24;30;31m▄[38;2;26;30;32;48;2;27;34;32m▄[38;2;25;31;32;48;2;28;35;33m▄[38;2;24;30;29;48;2;27;34;32m▄[38;2;16;23;21;48;2;21;28;26m▄[38;2;17;22;21;48;2;16;21;20m▄[38;2;22;24;24;48;2;15;20;19m▄[38;2;17;20;19;48;2;15;19;19m▄[48;2;14;19;18m [38;2;13;18;17;48;2;14;19;18m▄[48;2;14;19;18m    [38;2;14;19;17;48;2;14;19;18m▄[38;2;14;19;18;48;2;15;20;19m▄[38;2;15;20;19;48;2;14;19;18m▄[38;2;14;19;18;48;2;15;20;19m▄▄▄[38;2;15;20;19;48;2;15;21;20m▄[38;2;14;19;18;48;2;16;21;20m▄[38;2;15;20;19;48;2;17;22;21m▄[38;2;15;20;19;48;2;15;22;20m▄[38;2;15;20;19;48;2;16;23;21m▄[38;2;14;20;19;48;2;15;22;20m▄[38;2;14;19;18;48;2;19;26;24m▄[38;2;14;19;18;48;2;19;25;25m▄[38;2;15;20;20;48;2;24;30;31m▄[38;2;22;26;28;48;2;27;33;34m▄[38;2;17;22;23;48;2;20;26;27m▄[38;2;16;22;22;48;2;22;29;28m▄[38;2;18;24;23;48;2;19;26;25m▄[38;2;14;18;20;48;2;16;22;21m▄[38;2;14;19;18;48;2;22;26;28m▄[38;2;15;20;19;48;2;17;21;22m▄[38;2;14;19;18;48;2;17;23;22m▄[38;2;14;19;18;48;2;17;22;21m▄[38;2;14;19;18;48;2;16;21;20m▄[38;2;14;19;18;48;2;15;20;19m▄▄▄▄▄[38;2;14;19;18;48;2;16;21;20m▄[38;2;14;19;18;48;2;14;21;19m▄[38;2;13;18;17;48;2;14;20;19m▄[38;2;13;18;17;48;2;15;20;19m▄▄▄▄[38;2;12;17;16;48;2;14;19;18m▄[38;2;12;17;16;48;2;15;20;19m▄[38;2;12;17;16;48;2;16;21;20m▄[38;2;12;17;16;48;2;14;19;18m▄▄[38;2;12;17;16;48;2;16;21;20m▄[38;2;12;17;16;48;2;15;20;21m▄[38;2;12;17;16;48;2;18;22;23m▄[38;2;11;16;15;48;2;16;20;22m▄[38;2;12;17;16;48;2;20;26;27m▄[38;2;14;19;19;48;2;25;30;31m▄[38;2;14;18;20;48;2;24;29;30m▄[38;2;12;16;18;48;2;19;24;23m▄[38;2;12;16;18;48;2;19;23;24m▄[m
[48;2;8;10;10m  [48;2;9;11;11m   [38;2;10;13;13;48;2;8;13;12m▄[38;2;9;14;13;48;2;12;17;16m▄[38;2;8;13;12;48;2;11;16;15m▄[38;2;11;15;14;48;2;12;16;16m▄[38;2;9;12;12;48;2;10;15;14m▄[38;2;7;12;11;48;2;10;15;14m▄[38;2;10;12;12;48;2;13;15;15m▄[38;2;10;12;12;48;2;16;18;18m▄[38;2;10;15;14;48;2;12;17;16m▄[38;2;13;18;19;48;2;18;23;22m▄[38;2;21;25;25;48;2;21;26;25m▄[38;2;22;27;26;48;2;24;29;28m▄[38;2;23;28;27;48;2;25;31;29m▄[38;2;19;24;23;48;2;24;29;28m▄[38;2;13;18;17;48;2;21;27;26m▄[38;2;13;17;16;48;2;17;22;21m▄[38;2;12;16;15;48;2;14;18;19m▄[38;2;12;17;16;48;2;18;23;22m▄[38;2;12;17;16;48;2;16;21;20m▄▄[38;2;14;19;18;48;2;15;20;19m▄[38;2;14;19;18;48;2;18;23;22m▄[38;2;14;19;18;48;2;15;20;19m▄[38;2;15;20;19;48;2;13;18;17m▄[38;2;15;19;19;48;2;13;18;17m▄[38;2;14;19;18;48;2;12;17;16m▄[38;2;14;19;18;48;2;14;18;17m▄[38;2;14;17;17;48;2;15;18;18m▄[48;2;15;17;17m [38;2;13;17;16;48;2;14;17;17m▄[38;2;12;17;16;48;2;13;18;17m▄▄[38;2;12;17;16;48;2;14;19;18m▄▄▄[48;2;13;18;17m [38;2;13;18;17;48;2;14;19;18m▄▄[38;2;12;17;16;48;2;14;19;18m▄[38;2;12;17;16;48;2;13;18;17m▄▄[38;2;12;17;16;48;2;14;19;18m▄[48;2;13;18;17m [38;2;12;17;16;48;2;14;19;18m▄[38;2;13;18;17;48;2;14;19;18m▄[38;2;13;17;16;48;2;14;19;18m▄[38;2;12;17;16;48;2;14;19;18m▄[38;2;12;17;16;48;2;13;18;17m▄▄[48;2;12;17;16m             [38;2;12;16;16;48;2;12;17;16m▄[38;2;11;16;15;48;2;12;17;16m▄▄▄▄[48;2;11;16;15m [38;2;11;13;13;48;2;13;15;15m▄▄[38;2;11;13;13;48;2;11;16;15m▄[38;2;12;14;14;48;2;13;18;17m▄[38;2;10;12;12;48;2;13;16;16m▄[38;2;8;12;12;48;2;11;15;14m▄[38;2;8;13;12;48;2;11;16;15m▄[38;2;8;13;12;48;2;9;14;13m▄[38;2;8;12;11;48;2;10;13;13m▄[38;2;11;13;13;48;2;10;12;12m▄[38;2;11;13;13;48;2;15;17;17m▄[38;2;8;10;10;48;2;11;13;13m▄[m
[48;2;7;9;9m [38;2;7;9;9;48;2;8;10;10m▄[48;2;8;10;10m [38;2;7;9;9;48;2;9;11;11m▄▄[38;2;8;9;8;48;2;8;10;10m▄[38;2;8;9;7;48;2;8;10;10m▄[38;2;9;10;8;48;2;9;11;11m▄[38;2;7;9;9;48;2;9;11;11m▄[38;2;9;10;8;48;2;9;11;11m▄▄[48;2;9;11;11m [48;2;10;12;12m [38;2;13;16;16;48;2;12;17;16m▄[38;2;14;17;17;48;2;13;17;18m▄[48;2;18;19;21m [38;2;12;12;14;48;2;19;21;22m▄[38;2;9;11;14;48;2;19;22;23m▄[38;2;10;13;15;48;2;14;18;19m▄[38;2;10;13;13;48;2;12;17;16m▄[38;2;10;12;12;48;2;11;13;13m▄[38;2;9;14;13;48;2;11;15;14m▄[38;2;11;13;13;48;2;12;15;15m▄[38;2;10;13;12;48;2;11;16;15m▄[38;2;10;13;13;48;2;11;16;15m▄[38;2;11;13;13;48;2;12;17;16m▄[38;2;11;14;14;48;2;12;17;16m▄[38;2;12;14;14;48;2;12;17;16m▄[38;2;13;15;15;48;2;13;18;17m▄[38;2;11;14;14;48;2;12;17;16m▄[38;2;11;15;15;48;2;12;17;16m▄[38;2;11;16;15;48;2;13;17;16m▄[38;2;11;16;15;48;2;13;18;17m▄[38;2;11;16;15;48;2;14;18;17m▄[38;2;12;16;15;48;2;13;17;16m▄[38;2;14;16;16;48;2;13;16;16m▄▄[38;2;13;15;15;48;2;12;17;16m▄▄[38;2;13;16;15;48;2;12;17;16m▄▄[38;2;13;15;15;48;2;12;17;16m▄▄[48;2;12;17;16m  [38;2;13;16;16;48;2;12;17;16m▄[38;2;13;16;15;48;2;12;17;16m▄▄▄▄[38;2;13;15;15;48;2;12;17;16m▄[38;2;13;16;15;48;2;12;17;16m▄[38;2;12;15;15;48;2;12;17;16m▄[38;2;12;16;15;48;2;12;17;16m▄[38;2;12;15;15;48;2;12;17;16m▄[38;2;13;16;15;48;2;12;17;16m▄[38;2;12;14;14;48;2;12;17;16m▄[38;2;12;15;15;48;2;12;17;16m▄[38;2;11;16;15;48;2;12;17;16m▄▄[38;2;13;15;15;48;2;13;16;15m▄[38;2;13;15;15;48;2;13;16;16m▄[38;2;12;15;15;48;2;12;17;16m▄[38;2;11;14;14;48;2;11;16;15m▄[38;2;11;13;13;48;2;11;16;15m▄[38;2;11;13;13;48;2;10;15;14m▄[38;2;9;14;13;48;2;11;16;15m▄▄[38;2;10;14;13;48;2;11;15;14m▄[38;2;11;13;13;48;2;11;14;14m▄[38;2;10;13;13;48;2;11;14;14m▄[38;2;10;13;13;48;2;11;16;15m▄[38;2;9;12;12;48;2;9;14;13m▄[38;2;10;12;12;48;2;11;13;13m▄[48;2;10;12;12m [38;2;10;12;12;48;2;11;13;13m▄[38;2;9;11;11;48;2;10;12;12m▄[48;2;9;11;11m [38;2;8;10;10;48;2;8;11;11m▄▄▄[38;2;8;10;10;48;2;9;11;11m▄[48;2;10;12;12m [38;2;9;11;11;48;2;11;13;13m▄[48;2;8;10;10m [m
[49m                                                                                     [m
[49m                                                                                     [m
[49m                                                                                     [m